[gd_scene load_steps=13 format=3 uid="uid://c2jy0jjfwsngx"]

[ext_resource type="Texture2D" uid="uid://c8arnlq67qi7" path="res://assets/textures/grids/Dark/texture_05.png" id="1_akytm"]
[ext_resource type="Texture2D" uid="uid://b58xv1joypxo5" path="res://assets/textures/grids/Orange/texture_09.png" id="2_2cpci"]
[ext_resource type="Texture2D" uid="uid://hu5rfl6qr2nv" path="res://assets/textures/grids/Red/texture_09.png" id="3_vvoot"]
[ext_resource type="Texture2D" uid="uid://djg8y25y06h5n" path="res://assets/textures/grids/Green/texture_09.png" id="4_lq4ci"]
[ext_resource type="PackedScene" uid="uid://dpotu3v643wah" path="res://scenes/player.tscn" id="5_qhjtc"]

[sub_resource type="ProceduralSkyMaterial" id="ProceduralSkyMaterial_7vqdi"]
sky_horizon_color = Color(0.64625, 0.65575, 0.67075, 1)
ground_horizon_color = Color(0.64625, 0.65575, 0.67075, 1)

[sub_resource type="Sky" id="Sky_g71jv"]
sky_material = SubResource("ProceduralSkyMaterial_7vqdi")

[sub_resource type="Environment" id="Environment_klnsp"]
background_mode = 2
sky = SubResource("Sky_g71jv")
tonemap_mode = 2
sdfgi_enabled = true
glow_enabled = true
fog_enabled = true
fog_light_color = Color(0.745098, 0.92549, 0.960784, 1)
fog_density = 0.001

[sub_resource type="StandardMaterial3D" id="StandardMaterial3D_2nfgu"]
albedo_texture = ExtResource("1_akytm")
uv1_triplanar = true

[sub_resource type="StandardMaterial3D" id="StandardMaterial3D_45237"]
albedo_texture = ExtResource("2_2cpci")

[sub_resource type="StandardMaterial3D" id="StandardMaterial3D_hqrcy"]
albedo_texture = ExtResource("3_vvoot")
uv1_triplanar = true

[sub_resource type="StandardMaterial3D" id="StandardMaterial3D_6q2cd"]
albedo_texture = ExtResource("4_lq4ci")
uv1_triplanar = true

[node name="world" type="Node3D"]

[node name="DirectionalLight3D" type="DirectionalLight3D" parent="."]
transform = Transform3D(-0.866025, -0.433013, 0.25, 0, 0.5, 0.866025, -0.5, 0.75, -0.433013, 0, 0, 0)
shadow_enabled = true

[node name="WorldEnvironment" type="WorldEnvironment" parent="."]
environment = SubResource("Environment_klnsp")

[node name="map" type="Node3D" parent="."]

[node name="floor" type="CSGBox3D" parent="map"]
transform = Transform3D(1, 0, 0, 0, 1, 0, 0, 0, 1, 0, -0.324476, 0)
material_override = SubResource("StandardMaterial3D_2nfgu")
use_collision = true
size = Vector3(1000, 1, 1000)

[node name="box" type="CSGBox3D" parent="map"]
transform = Transform3D(0.93089, 0, 0.365299, 0, 1, 0, -0.365299, 0, 0.93089, 3.91596, 0.662174, -3.75506)
material_override = SubResource("StandardMaterial3D_45237")
snap = 1e-06
use_collision = true

[node name="box2" type="CSGBox3D" parent="map"]
transform = Transform3D(0.538962, 0, 0.84233, 0, 1, 0, -0.84233, 0, 0.538962, -1.7253, 1.21738, 3.9277)
material_override = SubResource("StandardMaterial3D_hqrcy")
snap = 1e-06
use_collision = true
size = Vector3(2, 2, 2)

[node name="box3" type="CSGBox3D" parent="map"]
transform = Transform3D(0.9474, 0, 0.320051, 0, 1, 0, -0.320051, 0, 0.9474, -3.99419, 1.73451, -6.46399)
material_override = SubResource("StandardMaterial3D_6q2cd")
snap = 1e-06
use_collision = true
size = Vector3(3, 3, 3)

[node name="player" parent="." instance=ExtResource("5_qhjtc")]
